1 0.00 5.00 1日目の映像
2 6.00 7.00 どうも
3 7.00 8.00 こんにちは
4 8.00 9.00 お待たせ
5 9.00 10.00 待ちました
6 10.00 11.00 ごめんね
7 11.00 12.00 大丈夫
8 13.00 14.00 元気?
9 14.00 15.00 元気ですよ
10 15.00 17.00 なんか昼間会うと
11 18.00 20.00 違うね雰囲気がね
12 20.00 21.00 そうですか?
13 21.00 23.00 なんかちょっと恥ずかしいよね
14 23.00 24.00 いつもさ
15 24.00 25.00 恥ずかしい?
16 25.00 27.00 いつももっと暗いですもんね
17 27.00 29.00 お店の中でしか会ってないじゃん
18 29.00 30.00 なんか雰囲気が
19 30.00 32.00 やっぱ昼間だと違いよね
20 32.00 33.00 そうですか?
21 34.00 35.00 時間あるんでしょ?
22 35.00 37.00 今日は大丈夫です
23 37.00 39.00 昨日仕事だったの?
24 39.00 42.00 昨日は仕事でした
25 43.00 44.00 じゃあ
26 44.00 46.00 早速行きますか
27 46.00 47.00 はい
28 50.00 51.00 どこ行くんですか?
29 52.00 53.00 ちょっと
30 54.00 55.00 撮影場所
31 55.00 56.00 近い?
32 56.00 57.00 近い近い
33 57.00 58.00 OK
34 59.00 60.00 気目遂く
35 61.00 62.00 興味あったんだ
36 62.00 63.00 したことない
37 63.00 64.00 したことない
38 65.00 66.00 気になる
39 66.00 67.00 気になる
40 67.00 68.00 大丈夫?
41 68.00 69.00 何が?
42 69.00 70.00 物
43 70.00 71.00 用意してある物
44 72.00 73.00 お酒をね
45 73.00 74.00 飲めるから大丈夫か
46 74.00 75.00 飲める
47 77.00 79.00 スペシャリストがいるから
48 79.00 81.00 スペシャリストって何?
49 82.00 83.00 お相手の方
50 83.00 84.00 気になる
51 84.00 86.00 楽しみにしておきます
52 86.00 88.00 撮っちゃってもいいんだよね
53 88.00 89.00 今も撮ってるんだけどさ
54 89.00 90.00 うん
55 90.00 91.00 全然
56 91.00 92.00 全然いいの?
57 92.00 93.00 うん
58 93.00 94.00 OK
59 94.00 95.00 OK
60 97.00 99.00 気味遂くやったことないの?
61 99.00 101.00 気味ないまだ
62 101.00 102.00 なんで今日乗ったの?
63 102.00 103.00 え?
64 103.00 104.00 何か
65 106.00 107.00 何か見て
66 107.00 109.00 さしてくれるっていうから
67 109.00 111.00 気になると思って
68 111.00 112.00 ノリで
69 115.00 117.00 今日楽しんじゃおうか
70 117.00 118.00 楽しみましょう
71 118.00 119.00 ね
72 122.00 123.00 では
73 123.00 124.00 早速
74 124.00 125.00 おー
75 125.00 126.00 到着しました
76 126.00 127.00 ガールズバーみたいなね
77 127.00 128.00 ちょっとでごっか
78 128.00 129.00 ね
79 129.00 130.00 いい感じの
80 130.00 131.00 暗い感じに
81 131.00 132.00 暗さですね
82 132.00 133.00 で隣にいるのが
83 133.00 134.00 はい
84 134.00 135.00 気味遂くマスターです
85 135.00 137.00 気味遂くマスターって何ですか?
86 137.00 139.00 彼と昨日じゃないや
87 139.00 140.00 一週間前
88 140.00 141.00 はい
89 141.00 143.00 気味遂くの撮影してきてね
90 143.00 144.00 うん
91 144.00 146.00 この間の女の子もね
92 146.00 147.00 やばかったの
93 147.00 148.00 すごいやばかった
94 149.00 150.00 なんか救急車行こうかな
95 150.00 151.00 うん
96 151.00 152.00 え?
97 152.00 153.00 大丈夫なんですかね
98 153.00 154.00 ああもう
99 154.00 155.00 大満足で帰ってきた
100 155.00 156.00 じゃあいいですか
101 156.00 157.00 ああ
102 158.00 160.00 ビシャビシャビシャ
103 160.00 161.00 もう潮吹きまくっちゃ
104 161.00 162.00 えー
105 162.00 164.00 また呼んでーとかって
106 164.00 165.00 言ってた
107 165.00 166.00 えー
108 166.00 167.00 そうなんですね
109 167.00 168.00 え?
110 168.00 169.00 エルちゃんも
111 169.00 170.00 今日やるだもんね
112 170.00 171.00 うん
113 171.00 172.00 したいんだもんね
114 172.00 173.00 うん
115 173.00 174.00 いいね
116 178.00 179.00 いい子ぶつけましたね
117 179.00 180.00 で
118 180.00 181.00 あの
119 181.00 182.00 どっか寄ってる
120 182.00 183.00 あの
121 183.00 184.00 歌舞伎町の
122 184.00 185.00 うん
123 185.00 186.00 ガールズバージョン
124 186.00 187.00 そう
125 187.00 188.00 ガールズバージョン
126 188.00 189.00 よく来てくれるんですよ
127 189.00 190.00 へー
128 190.00 191.00 なんか
129 191.00 192.00 ちょっと話したらさ
130 192.00 193.00 うん
131 193.00 195.00 興味津々で食いついてきて
132 195.00 196.00 うわー
133 196.00 197.00 で出たいとか言ってるわさ
134 197.00 198.00 へー
135 198.00 201.00 えでも初めて聞きましたよ
136 201.00 202.00 結構来てくれてるのに
137 202.00 203.00 言えないじゃん
138 203.00 204.00 なかなか
139 204.00 205.00 あはは
140 205.00 206.00 そんなこと
141 206.00 207.00 言い出したら
142 207.00 208.00 やばいよ
143 208.00 209.00 そこで
144 209.00 210.00 あ
145 210.00 211.00 これね
146 211.00 212.00 話してる時間
147 212.00 213.00 もう
148 213.00 214.00 もったいないから
149 214.00 215.00 もう
150 215.00 216.00 ちょっと先に決めちゃう
151 216.00 217.00 うん
152 217.00 218.00 これね
153 218.00 219.00 あの
154 219.00 220.00 韓国のやつでね
155 220.00 221.00 あうん
156 221.00 222.00 知ってる
157 222.00 223.00 すーごい効くからこれ
158 223.00 224.00 もうこれ一発
159 224.00 225.00 やっとけます
160 225.00 226.00 うん
161 226.00 227.00 これちょっとねもうね
162 227.00 228.00 さっき
163 228.00 229.00 やっちゃったよ
164 229.00 230.00 あそうなの
165 230.00 231.00 うん
166 231.00 232.00 ちょっとふわっとしてる
167 232.00 233.00 へー
168 233.00 234.00 ふわふわするの
169 234.00 235.00 ふわふわ
170 235.00 236.00 ふわふわ
171 236.00 237.00 先にやっちゃった
172 237.00 238.00 へー
173 238.00 239.00 これ使う
174 239.00 240.00 何それ
175 240.00 241.00 これね
176 241.00 242.00 木割るやつ
177 242.00 243.00 どうしようかな
178 243.00 244.00 これ
179 244.00 247.00 最初5粒ぐらいでいっか
180 247.00 250.00 とりあえず5粒やっちゃうから
181 250.00 251.00 うん
182 251.00 253.00 これと一緒に飲むの
183 253.00 254.00 うん
184 254.00 255.00 慣れてきたらね
185 255.00 256.00 うん
186 256.00 257.00 2つの2つ
187 257.00 258.00 増やしていけばいい
188 258.00 259.00 あ分かった
189 259.00 260.00 うん
190 261.00 262.00 一気にいっちゃう
191 262.00 263.00 一気に
192 263.00 264.00 一気にいっちゃう
193 264.00 265.00 一気に
194 265.00 266.00 一気に
195 266.00 267.00 はい
196 267.00 268.00 やっぱり
197 268.00 269.00 一気に
198 269.00 270.00 うん
199 270.00 271.00 一回ね
200 271.00 272.00 ベルの上にのっけてみて
201 272.00 273.00 これ持ってたらいい
202 273.00 274.00 ベルいっぱい出して
203 274.00 275.00 そうそうそう
204 275.00 280.00 一個ずつのっけてみて
205 280.00 284.00 ちょっと上にのくといいの
206 284.00 285.00 そうそうそう
207 285.00 286.00 はい
208 286.00 288.00 うん、お手伝いしたい
209 290.50 293.00 あーそれ、こっちを見てこっちを
210 296.00 297.00 いいね
211 298.00 300.00 これいっきらだよ
212 300.00 301.00 うん
213 308.00 309.00 うん
214 314.00 315.00 うん
215 315.00 316.00 まあいいねー
216 316.00 317.00 どうでした?
217 318.00 319.00 いいねいいね
218 320.00 322.00 もういっぷりいいじゃん
219 323.00 324.00 スタイルいいねー
220 324.00 325.00 本当?
221 325.00 326.00 うん
222 328.00 329.00 嬉しい
223 329.00 330.00 もう、無理じゃないよこれ
224 330.00 332.00 ね、ちょっと暑くなってきた
225 334.00 336.00 一気に飲むと暑くなるよね
226 338.00 340.00 じゃあ今度、俺も行くよ
227 340.00 341.00 本当に?
228 341.00 342.00 お店
229 342.00 343.00 ひとし
230 344.00 345.00 いい子いる?
231 346.00 348.00 えー、私が一番いい子とか
232 348.00 349.00 あーいるじゃん、結局
233 350.00 351.00 結局一番いいんだ
234 351.00 352.00 みんな可愛いよ
235 352.00 353.00 みんな可愛い?
236 353.00 354.00 何人ぐらいいるのお店
237 354.00 356.00 え、10人ぐらいいるかも
238 356.00 358.00 あーじゃあ結構大きな箱だね
239 358.00 360.00 いつもみんなはいないけど
240 360.00 361.00 帰り番組ね
241 361.00 362.00 帰り番組ね
242 363.00 364.00 いいねー
243 364.00 365.00 人気悪いでしょ
244 365.00 367.00 えー、どうかなー
245 367.00 369.00 だって、やばくないこのスタイル
246 369.00 370.00 ちょっと
247 371.00 372.00 えー
248 374.00 375.00 すごいね
249 375.00 376.00 いい?
250 376.00 377.00 いいよ
251 377.00 378.00 おー
252 380.00 381.00 いいねー
253 384.00 386.00 もうたまんない
254 388.00 390.00 ウエストもめっちゃやばい
255 391.00 393.00 ガンガン、ガンガン行こう、ガンガン行こう
256 393.00 395.00 ガンガン行こう
257 401.00 403.00 お酒結構、いける口?
258 403.00 405.00 うん、結構でも普段飲むから
259 405.00 407.00 あー、そっかそっか
260 408.00 409.00 いいねいいね
261 410.00 412.00 そんな強くはないよ
262 412.00 413.00 あ、そうなんだ
263 415.00 417.00 強い子はほんと強い子
264 420.00 421.00 暑い?
265 421.00 422.00 おー、だいぶ暑くなってきたね
266 422.00 424.00 すぐ乾くなるんだよね
267 428.00 430.00 薬も消えてきたかもね
268 431.00 433.00 結構汗が出るから
269 433.00 435.00 あれ飲むと
270 436.00 438.00 おー、いいねいいね
271 442.00 443.00 エルちゃん
272 446.00 447.00 大丈夫?
273 447.00 448.00 大丈夫
274 448.00 450.00 目がとろんとしてるよ
275 452.00 454.00 まず、ふわふわしてきた
276 454.00 456.00 なかなか出来たな
277 457.00 459.00 だいぶ決まってきたかな
278 459.00 461.00 やばい
279 467.00 469.00 あー、いいね
280 470.00 472.00 すごいすけべな顔になってきたよ
281 472.00 474.00 ねー、ほんとに
282 474.00 476.00 目がとろんとしてきた
283 487.00 489.00 じーっとこっち見ててこれ
284 500.00 502.00 あの薬飲んだ後のセックスね
285 502.00 504.00 やばいよ
286 504.00 506.00 もう病みつけになっちゃうよ
287 529.00 531.00 病気が上がっちゃうからね
288 532.00 533.00 へー、ほんとに
289 533.00 535.00 生きやすくなっちゃう
290 543.00 545.00 すっごい体してるな
291 560.00 562.00 もっと惜しくなっちゃうでしょ
292 563.00 565.00 あとでいっぱいあげるから
293 567.00 569.00 やばい
294 571.00 573.00 いっぱいチンポを気持ちよくしてくれたらね
295 573.00 575.00 あと5粒くらいあげるから
296 575.00 577.00 ほんとに
297 589.00 591.00 すっごい話しからな
298 619.00 621.00 足を広げてごらん
299 621.00 623.00 うわー、すごいな
300 625.00 627.00 かわいい顔してる
301 633.00 635.00 そう
302 649.00 651.00 いいね
303 655.00 657.00 打ち上げ
304 657.00 659.00 よーし
305 659.00 661.00 めっちゃすけべだね
306 673.00 675.00 あー、やばい
307 679.00 681.00 あー
308 681.00 683.00 あー
309 683.00 685.00 んー
310 685.00 687.00 あー
311 687.00 689.00 あー
312 689.00 691.00 あー
313 691.00 693.00 あー
314 693.00 695.00 あー
315 695.00 697.00 すごいな、ごめん
316 697.00 699.00 ちょ、こっち
317 703.00 705.00 やらしい
318 705.00 707.00 あー
319 707.00 709.00 んー
320 711.00 713.00 あー
321 713.00 715.00 いいね
322 733.00 735.00 いつもより
323 737.00 739.00 いつもよりやばい
324 739.00 741.00 いつもよりいい感じ
325 741.00 743.00 気持ちいい
326 743.00 745.00 こっちがしながら
327 767.00 769.00 あー
328 771.00 773.00 あー
329 773.00 775.00 やばいそれ
330 775.00 777.00 もうちょっと
331 777.00 779.00 あー
332 781.00 783.00 あー
333 783.00 785.00 あー
334 787.00 789.00 あー
335 789.00 791.00 あー
336 791.00 793.00 あー
337 793.00 795.00 あー
338 795.00 797.00 あー
339 797.00 799.00 あー
340 799.00 801.00 あー
341 801.00 803.00 あー
342 811.00 813.00 色んなのあるよ
343 813.00 815.00 何?
344 815.00 817.00 色んなのあるよ
345 817.00 819.00 あー
346 819.00 821.00 あー
347 821.00 823.00 あー
348 823.00 828.00 いろんなの使っちゃおうよ
349 828.00 831.00 その方が気持ちいいからさ
350 846.00 849.00 これにしようかな
351 850.00 853.00 何それ
352 853.00 856.00 気持ちいい
353 877.00 880.00 気持ちいい
354 883.00 886.00 気持ちいい
355 889.00 892.00 それ気持ちいい
356 906.00 909.00 そこだめ
357 914.00 917.00 パンチびっちゃびちゃになっちゃった
358 921.00 924.00 気持ちいい
359 932.00 934.00 もっとして走ればいい?
360 934.00 936.00 もっとして
361 936.00 939.00 走ればいい?自分でこうやって
362 939.00 942.00 もっとして
363 962.00 965.00 ちょっとくりだけやっちゃおうか
364 969.00 971.00 あ
365 975.00 978.00 それだめ
366 992.00 995.00 それ気持ちいい
367 996.00 999.00 行っちゃうぞ
368 999.00 1002.00 だめ
369 1013.00 1016.00 くれとるそれ
370 1016.00 1019.00 大きくなってきた
371 1020.00 1023.00 ほら
372 1027.00 1030.00 きれい
373 1037.00 1040.00 うまくしてるじゃん
374 1049.00 1051.00 あ
375 1052.00 1054.00 あ
376 1055.00 1058.00 それだめ気持ちいい
377 1058.00 1061.00 くれとるそれ挟むとすごい気持ちいいんだ
378 1068.00 1071.00 いろんな持ってこない
379 1071.00 1074.00 それだめ
380 1078.00 1081.00 気持ちいい
381 1081.00 1084.00 気持ちいい
382 1099.00 1102.00 やばい
383 1111.00 1114.00 気持ちいい
384 1122.00 1125.00 ほらちゃんとしっかりくり当てて
385 1125.00 1128.00 気持ちいい
386 1140.00 1143.00 だめだめ
387 1147.00 1150.00 いいしわりだね
388 1156.00 1159.00 そこ気持ちいい
389 1161.00 1164.00 ここ好きでしょ
390 1172.00 1175.00 だめ
391 1185.00 1188.00 なんでおいしい
392 1189.00 1192.00 そこだめ
393 1203.00 1206.00 だめ
394 1215.00 1218.00 気持ちいい
395 1219.00 1222.00 今の激しいのよかった?
396 1223.00 1226.00 気持ちいい
397 1230.00 1233.00 もっとやってあげる
398 1234.00 1237.00 そこだめ
399 1245.00 1248.00 気持ちいい
400 1249.00 1252.00 気持ちいい
401 1274.00 1277.00 お薬欲しい
402 1278.00 1281.00 もっといっぱいあげるからね
403 1291.00 1294.00 こっちもほら
404 1294.00 1297.00 手で広げて
405 1297.00 1300.00 気持ちいい
406 1307.00 1310.00 もっといろんなの欲しい
407 1310.00 1313.00 気持ちいい
408 1326.00 1329.00 ケツぶりとしよう
409 1341.00 1344.00 気持ちいい
410 1352.00 1355.00 ケツぶりすっげーひくひくしてる
411 1359.00 1362.00 こっちもほら
412 1362.00 1365.00 でっかいの入っちゃうよ
413 1371.00 1374.00 それやばい
414 1387.00 1390.00 だめ
415 1391.00 1394.00 やめない
416 1401.00 1404.00 動いちゃだめだよ
417 1411.00 1414.00 それもほらよ
418 1422.00 1425.00 ケツぶりとしよう
419 1430.00 1433.00 かわいいね
420 1438.00 1441.00 気持ちいい
421 1446.00 1449.00 ぶっこんだもん
422 1453.00 1456.00 しんぽ
423 1456.00 1459.00 ぬいちゃだめだよ
424 1469.00 1472.00 前からと後ろから
425 1472.00 1475.00 戦闘
426 1477.00 1480.00 ぺーらぺーらしてる
427 1483.00 1486.00 ごちそうさまでした
428 1486.00 1489.00 めがとろうもん実感
429 1502.00 1509.00 你が言ったより, 女の子の行動は何の間にも 首をやめるために時間をつけていることで決めるのだろう。
430 1510.00 1516.00 この単語を言いたい女の子の言葉は 男の子が言うことを示すほうがいいと思う。
431 1517.00 1523.00 小学生で私のことを分かり分かるほどの好きな方法を考えているのが…
432 1523.00 1528.00 お腹が空いてる
433 1528.00 1530.00 ここだよ
434 1536.00 1538.00 お腹が動かすんだよ
435 1538.00 1543.00 お腹が空いてる
436 1551.00 1553.00 脱いちゃった?
437 1554.00 1556.00 脱いちゃった
438 1557.00 1559.00 後でまた入れたい
439 1560.00 1562.00 ほら
440 1566.00 1568.00 その目いいね
441 1576.00 1579.00 よだれいっぱい入れた
442 1590.00 1592.00 ビシャビシャだな
443 1595.00 1597.00 早く来ることになっちゃってる
444 1610.00 1612.00 こっちの下毛を上げてほら
445 1619.00 1621.00 お腹が空いてる
446 1650.00 1652.00 お腹が空いてる
447 1653.00 1655.00 お腹が空いてる
448 1657.00 1659.00 脱いちゃった
449 1669.00 1671.00 お腹が空いてる
450 1680.00 1682.00 お腹が空いてる
451 1691.00 1693.00 失敗だけど
452 1694.00 1696.00 全部出して
453 1702.00 1704.00 持ってきましょ
454 1709.00 1711.00 お腹が空いてる
455 1730.00 1732.00 そこだめ
456 1740.00 1742.00 お腹が空いてる
457 1748.00 1750.00 脱いちゃった
458 1751.00 1753.00 お腹が空いてる
459 1757.00 1759.00 失敗だけど
460 1761.00 1763.00 そこだ
461 1763.00 1765.00 お腹が空いてる
462 1765.00 1767.00 脱いちゃった
463 1769.00 1771.00 お腹が空いてる
464 1773.00 1775.00 失敗だけど
465 1791.00 1793.00 脱いちゃった
466 1795.00 1797.00 お腹が空いてる
467 1799.00 1801.00 お腹が空いてる
468 1811.00 1813.00 お腹が空いてる
469 1815.00 1817.00 お腹が空いてる
470 1825.00 1827.00 下から見てほら
471 1829.00 1831.00 やばい
472 1837.00 1839.00 強い
473 1841.00 1843.00 やだ
474 1843.00 1845.00 気持ちいい
475 1845.00 1847.00 やめないで
476 1851.00 1853.00 ダメそれ
477 1853.00 1855.00 気持ちいい
478 1859.00 1861.00 お腹が空いてる
479 1867.00 1869.00 お腹が空いてる
480 1885.00 1887.00 脱いちゃった
481 1889.00 1891.00 脱いちゃった
482 1913.00 1915.00 それダメ
483 1915.00 1917.00 脱いちゃった
484 1919.00 1921.00 脱いちゃった
485 1925.00 1927.00 すごい
486 1927.00 1929.00 ダメ
487 1931.00 1933.00 お腹が空いてる
488 1935.00 1937.00 お腹が空いてる
489 1941.00 1943.00 脱いちゃった
490 1945.00 1947.00 大丈夫
491 1949.00 1951.00 4日
492 1965.00 1967.00 もっともっと飲んでさ
493 1979.00 1981.00 お腹が空いてる
494 1991.00 1993.00 いっぱい舐めてもらうから
495 1997.00 1999.00 全身舐めてくれたら入れてあげるよ
496 2001.00 2003.00 ケツも舐めるんだよ全部
497 2003.00 2005.00 分かった?
498 2009.00 2011.00 お腹が空いてる
499 2013.00 2015.00 お腹が空いてる
500 2039.00 2041.00 泣いてる?
501 2041.00 2043.00 泣いてる
502 2053.00 2055.00 久々になるからだ
503 2057.00 2059.00 久々になっちゃったよ
504 2069.00 2071.00 ケツを舐めてくれた
505 2099.00 2101.00 お腹が空いてる
506 2103.00 2105.00 お腹が空いてる
507 2111.00 2113.00 お腹が空いてる
508 2121.00 2123.00 お腹が空いてる
509 2125.00 2127.00 まだ
510 2129.00 2131.00 舐めてくれた
511 2159.00 2161.00 お腹が空いてる
512 2161.00 2163.00 舐めてくれた
513 2189.00 2191.00 お腹が空いてる
514 2205.00 2207.00 遠くじゃないとダメでしょ
515 2207.00 2209.00 舐めてくれた
516 2209.00 2211.00 舐めてくれた
517 2217.00 2219.00 舐めてくれた
518 2223.00 2225.00 今のやつちょうだい
519 2237.00 2239.00 舐めてくれた
520 2243.00 2245.00 手で腹いっぱいついた
521 2245.00 2247.00 もったいない
522 2247.00 2249.00 ちゃんこに乗って
523 2261.00 2263.00 ずっとこっち見ながら言ってくれ
524 2267.00 2269.00 舐めてくれた
525 2271.00 2273.00 舐めてくれた
526 2297.00 2299.00 舐めてくれた
527 2301.00 2303.00 肩でちゃんこ
528 2305.00 2307.00 肩ちゃんこ好き?
529 2307.00 2309.00 味噌で好き
530 2319.00 2321.00 もっと喉奥まで上げよう
531 2321.00 2323.00 舐めてくれた
532 2325.00 2327.00 舐めてくれた
533 2351.00 2353.00 お腹が空いてる
534 2353.00 2355.00 お腹が空いてる
535 2355.00 2357.00 舐めてくれた
536 2385.00 2387.00 舐めてくれた
537 2391.00 2393.00 舐めてくれた
538 2401.00 2403.00 舐めてくれた
539 2403.00 2405.00 舐めてくれた
540 2433.00 2435.00 舐めてくれた
541 2463.00 2465.00 舐めてくれた
542 2493.00 2495.00 舐めてくれた
543 2503.00 2505.00 舐めてくれた
544 2523.00 2525.00 舐めてくれた
545 2547.00 2549.00 しんぽが大好きだってよーくわかったよ
546 2553.00 2555.00 舐めてくれた
547 2559.00 2561.00 欲しい?そろそろ
548 2561.00 2563.00 舐めてくれた
549 2583.00 2585.00 しんぽ欲しい
550 2585.00 2587.00 舐めてくれた
551 2589.00 2591.00 舐めてくれた
552 2615.00 2617.00 舐めてくれた
553 2617.00 2619.00 舐めてくれた
554 2643.00 2645.00 普段より気持ちいい?
555 2647.00 2649.00 やばい?
556 2677.00 2679.00 舐めてくれた
557 2689.00 2691.00 舐めてくれた
558 2693.00 2695.00 舐めてくれた
559 2703.00 2705.00 舐めてくれた
560 2707.00 2709.00 舐めてくれた
561 2737.00 2739.00 舐めてくれた
562 2753.00 2755.00 そこやばい
563 2761.00 2763.00 舐めてくれた
564 2763.00 2765.00 舐めてくれた
565 2793.00 2795.00 舐めてくれた
566 2823.00 2825.00 舐めてくれた
567 2853.00 2855.00 舐めてくれた
568 2883.00 2885.00 舐めてくれた
569 2907.00 2909.00 舐めてくれた
570 2913.00 2915.00 舐めてくれた
571 2927.00 2929.00 舐めてくれた
572 2943.00 2945.00 舐めてくれた
573 2973.00 2975.00 舐めてくれた
574 3003.00 3005.00 舐めてくれた
575 3009.00 3011.00 舐めてくれた
576 3033.00 3035.00 舐めてくれた
577 3057.00 3059.00 ポマンコル味する?
578 3063.00 3065.00 ポマンコル味する?
579 3067.00 3069.00 ポマンコル味する?
580 3069.00 3071.00 舐めてくれた
581 3099.00 3101.00 舐めてくれた
582 3129.00 3131.00 舐めてくれた
583 3159.00 3161.00 舐めてくれた
584 3189.00 3191.00 舐めてくれた
585 3219.00 3221.00 舐めてくれた
586 3231.00 3233.00 舐めてくれた
587 3243.00 3245.00 舐めてくれた
588 3249.00 3251.00 舐めてくれた
589 3273.00 3275.00 舐めてくれた
590 3279.00 3281.00 舐めてくれた
591 3309.00 3311.00 舐めてくれた
592 3339.00 3341.00 舐めてくれた
593 3369.00 3371.00 舐めてくれた
594 3399.00 3401.00 舐めてくれた
595 3429.00 3431.00 舐めてくれた
596 3459.00 3461.00 ヘルシ tilt
597 3463.00 3465.00  Love you
598 3467.00 3469.00 今年も大好き
599 3475.00 3477.00 牛乳牡蠣大好き
600 3477.00 3484.48 あ
601 3484.48 3486.96 ああああああ
602 3488.42 3493.98 がいい
603 3496.94 3499.46 っ
604 3502.12 3505.44 ああああああ
605 3537.00 3539.00 あ
606 3539.00 3541.00 あ
607 3541.00 3543.00 あ
608 3543.00 3545.00 あ
609 3545.00 3547.00 あ
610 3547.00 3549.00 あ
611 3549.00 3551.00 そこだめりおいしい
612 3551.00 3553.00 あ
613 3553.00 3555.00 そこ
614 3557.00 3559.00 またおまんこきつく
615 3559.00 3561.00 しちゃおうかな
616 3563.00 3565.00 あ
617 3565.00 3567.00 もうちょっと締めてください
618 3567.00 3571.00 もうちょっと締めてください
619 3571.00 3573.00 もうちょっと
620 3573.00 3575.00 ほら
621 3575.00 3577.00 ああ
622 3577.00 3579.00 ああ
623 3579.00 3581.00 いいか
624 3581.00 3583.00 くっ
625 3583.00 3585.00 ああ
626 3585.00 3587.00 くっ
627 3587.00 3589.00 くっ
628 3589.00 3591.00 いいか
629 3591.00 3593.00 くっ
630 3595.00 3597.00 ああ
631 3597.00 3599.00 ああ
632 3599.00 3601.00 ああ
633 3601.00 3603.00 ああ
634 3603.00 3605.00 ああ
635 3605.00 3607.00 ああ
636 3607.00 3609.00 ああ
637 3609.00 3611.00 ああ
638 3611.00 3613.00 ああ
639 3613.00 3615.00 もちろん好きなとこ出していいんだよね
640 3615.00 3617.00 ね
641 3617.00 3619.00 出したいとこ出していいんでしょ
642 3619.00 3621.00 どうだよ
643 3621.00 3623.00 ええ
644 3623.00 3625.00 はく
645 3625.00 3627.00 あ
646 3627.00 3629.00 ああ
647 3629.00 3631.00 ああ
648 3631.00 3633.00 ああ
649 3633.00 3635.00 くっ
650 3635.00 3637.00 ああ
651 3637.00 3639.00 ああ
652 3639.00 3641.00 ああ
653 3641.00 3643.00 ああ
654 3643.00 3645.00 ああ
655 3645.00 3647.00 ああ
656 3647.00 3649.00 あーーー
657 3657.46 3658.68 だめそれ
658 3674.68 3676.68 あーやばいくる
659 3677.00 3680.00 ああああああ
660 3686.00 3688.00 ああ
661 3689.00 3694.00 ああ 最後に行ったきまーす
662 3694.00 3697.00 ああああああ
663 3699.40 3706.48 マン子中出しちゃったよ大丈夫だっ 誰と言わない
664 3708.00 3711.00 ああああああ
665 3727.00 3732.00 どうだった?お薬 気持ちいい?
666 3732.00 3734.00 気持ちいい
667 3734.00 3739.00 もう毎月 決めてくれやろうよ
668 3739.00 3741.00 毎週でもいい
669 3755.00 3758.00 まだチンコ欲しい?
670 3758.00 3760.00 欲しい
671 3760.00 3762.00 もっと欲しい
672 3766.00 3768.00 こっち向いて 爪になって笑う
673 3782.00 3784.00 すごいね まだ欲しいんだチンコ
674 3790.00 3792.00 もう一度
675 3820.00 3822.00 ああ
676 3829.00 3831.00 ああいいね
677 3844.00 3846.00 おいしい
678 3851.00 3853.00 ああ
679 3856.00 3859.00 ケツの穴もいっぱい汗かいちゃったからさ
680 3859.00 3861.00 このお口できれいにしてもらおうか
681 3861.00 3863.00 ああ
682 3864.00 3866.00 ああ
683 3866.00 3870.00 しっかりピロ出しなんて言おう
684 3872.00 3874.00 ああ
685 3875.00 3877.00 ああ
686 3880.00 3882.00 チンコ入れて欲しいもんね
687 3882.00 3884.00 ああ
688 3884.00 3886.00 ああ
689 3886.00 3888.00 ああ
690 3891.00 3893.00 ああ
691 3893.00 3895.00 ああ
692 3899.00 3901.00 ああ
693 3902.00 3904.00 ああ
694 3904.00 3906.00 ああ
695 3907.00 3909.00 ああ
696 3911.00 3913.00 涙の調子だね
697 3913.00 3915.00 ああ
698 3915.00 3917.00 ああ
699 3918.00 3920.00 ああ
700 3922.00 3924.00 ああ
701 3924.00 3926.00 すごい飲み方
702 3926.00 3928.00 やばい
703 3930.00 3932.00 ああ
704 3932.00 3934.00 ああ
705 3934.00 3936.00 痛い
706 3936.00 3938.00 ああ
707 3938.00 3940.00 ああ
708 3946.00 3948.00 ああ
709 3948.00 3950.00 ああ
710 3958.00 3960.00 ああ
711 3960.00 3979.00 ここにいっぱいこしちゃう
712 3979.00 3984.00 これだけじゃダメなの?
713 3984.00 3986.00 入れたんや?
714 3986.00 3988.00 ほしい
715 4014.00 4022.00 おいしいおいしい
716 4044.00 4059.00 気持ちいい
717 4059.00 4061.00 すごいとこ当たるでしょ
718 4061.00 4081.00 やばい
719 4081.00 4101.00 どうしよう
720 4101.00 4116.64 はっはっは
721 4116.64 4146.64 あーーーーーーーーーーーーーーーーーーーーーーーーーーーーーーーーーーーーーーーーーーーーーーーーーーーーーーーーーーーーーーーーーーーーーーーーーーーーーーーーーーーーーーーーーーーーーーーーーーーーーーーーーーーーーーーーーーーーーーーーーーーーーーーーーーーーーーーーーーーーーーーーーーーーーーーーーーーーーーーーーーーーーーーーーーーーーーーーーーーーーーーーーーーーーーーーーーーーーーーーーーーーーーーーーーーーーーーーーーーーーーーーーーーーーーーーーーーーーーーーーーーーーーーーーーーーーーーーーーーーーーーーーーーーーーーーーーーーーーーーーーーーーーーーーーーーーーーーーーーーーーーーーーーーーーーーーーーーーーーーーーーーーーーーーーーーーーーーーーーーーーーーーーーーーーーーーーーーーーーーーーーーーーーーーーーーーーーーーーーーーーーーーーーーーーーーーーーーーーーーーーーーーーーーーーーーーーーーーーーーーーーーーーーーーーーーーーーーーーーーーーーー
722 4146.64 4150.64 ペンペンを美しく塗.
723 4152.64 4157.64 元 actorの娘。
724 4163.64 4168.64  international audience
725 4168.64 4170.64 -
726 4170.64 4173.64 200 fried chicken
727 4173.64 4175.64 -
728 4175.64 4179.64 生まれよかった?
729 4179.64 4183.64 気持ちいい
730 4206.64 4210.64 なにおいしいのだろう
731 4216.64 4220.64 いっか
732 4235.64 4239.64 いっか
733 4265.64 4269.64 いっか
734 4284.64 4288.64 気持ちいい
735 4296.64 4300.64 なにして
736 4305.64 4309.64 いけいけ
737 4325.64 4329.64 おはよう
738 4329.64 4333.64 おはよう
739 4345.64 4349.64 上手に出したね
740 4355.64 4359.64 おはよう
741 4385.64 4390.64 おはよう
742 4415.64 4419.64 おはよう
743 4445.64 4449.64 おはよう
744 4475.64 4479.64 おはよう
745 4505.64 4509.64 おはよう
746 4535.64 4539.64 気持ちいい
747 4565.64 4569.64 おはよう
748 4595.64 4599.64 おはよう
749 4625.64 4629.64 気持ちいい
750 4629.64 4633.64 気持ちいい
751 4653.64 4657.64 気持ちいい
752 4659.64 4663.64 気持ちいい
753 4689.64 4693.64 気持ちいい
754 4719.64 4723.64 気持ちいい
755 4749.64 4753.64 気持ちいい
756 4753.64 4757.64 気持ちいい
757 4773.64 4777.64 気持ちいい
758 4783.64 4787.64 気持ちいい
759 4787.64 4791.64 気持ちいい
760 4791.64 4795.64 気持ちいい
761 4805.64 4809.64 気持ちいい
762 4809.64 4813.64 気持ちいい
763 4815.64 4819.64 気持ちいい
764 4821.64 4825.64 気持ちいい
765 4827.64 4831.64 気持ちいい
766 4835.64 4839.64 いっか
767 4839.64 4843.64 気持ちいい
768 4843.64 4847.64 気持ちいい
769 4859.64 4863.64 気持ちいい
770 4869.64 4873.64 気持ちいい
771 4875.64 4879.64 やばいそれ
772 4881.64 4885.64 気持ちいい
773 4885.64 4889.64 いっか
774 4899.64 4901.92 はぁん
775 4901.92 4905.92 はっはー
776 4905.92 4908.10 はぁ
777 4908.10 4911.80 はぁ
778 4911.80 4914.76 はぁ
779 4918.80 4921.80 はぁ
780 4921.80 4931.80 ゆっくり喋っていって、やらしく
781 4951.80 4961.80 ゆっくり喋って、やらしく
782 4981.80 4986.80 喋って、誰としたらいいのかな
783 5011.80 5015.80 喋って、誰としたらいいのかな
784 5041.80 5045.80 喋って、誰としたらいいのかな
785 5071.80 5076.80 足やつをつけて、両手を触って
786 5081.80 5083.80 こっち向いて
787 5084.80 5086.80 こっち向けて
788 5101.80 5105.80 喋って、誰としたらいいのかな
789 5123.80 5125.80 喋って
790 5126.80 5128.80 喋って
791 5132.80 5134.80 喋って
792 5157.80 5159.80 カチカチ
793 5159.80 5162.80 カチカチになっている
794 5164.80 5166.80 気持ちいい?
795 5166.80 5168.80 気持ちいい
796 5168.80 5170.80 きっとこれかな
797 5172.80 5174.80 その足の触り方
798 5189.80 5191.80 足の触り方
799 5212.80 5216.80 近くにもさ、ちょっとこしてみよう
800 5219.80 5221.80 喋って
801 5243.80 5246.80 そうそうそう、近い
802 5249.80 5251.80 喋って
803 5280.80 5282.80 喋って
804 5287.80 5289.80 喋って
805 5291.80 5293.80 喋って
806 5296.80 5298.80 喋って
807 5309.80 5311.80 喋って
808 5328.80 5330.80 こっちで
809 5340.80 5342.80 喋って
810 5342.80 5344.80 喋って
811 5367.80 5369.80 ダメだ
812 5372.80 5374.80 ダメだ
813 5385.80 5387.80 わー、それ
814 5390.80 5392.80 わー、わー
815 5403.80 5405.80 あー、それです
816 5428.80 5430.80 あー、出せよ
817 5433.80 5435.80 ダメ?
818 5456.80 5458.80 ちょっと待って
819 5458.80 5460.80 最後の一滴まで
820 5463.80 5465.80 喋って、出して
821 5468.80 5470.80 あー、そうそうそう
822 5475.80 5477.80 喋って
823 5479.80 5481.80 喋って
824 5487.80 5489.80 ちょっとこそ
825 5493.80 5495.80 うん
826 5495.80 5497.80 よくできました
827 5508.80 5513.80 じゃあちょっと休憩したらまたもう一回やっちゃおうか
828 5513.80 5515.80 うん